6.28319
0
6.22035
-0.0718116
6.15752
-0.140972
6.09469
-0.207482
6.03186
-0.271341
5.96903
-0.332548
5.90619
-0.391105
5.84336
-0.447011
5.78053
-0.500266
5.7177
-0.55087
5.65487
-0.598823
5.59203
-0.644124
5.5292
-0.686775
5.46637
-0.726775
5.40354
-0.764124
5.34071
-0.798823
5.27788
-0.83087
5.21504
-0.860266
5.15221
-0.887011
5.08938
-0.911105
5.02655
-0.932548
4.96372
-0.951341
4.90088
-0.967482
4.83805
-0.980972
4.77522
-0.991812
4.71239
-1
4.64956
-0.991812
4.58673
-0.980972
4.52389
-0.967482
4.46106
-0.951341
4.39823
-0.932548
4.3354
-0.911105
4.27257
-0.887011
4.20973
-0.860266
4.1469
-0.83087
4.08407
-0.798823
4.02124
-0.764124
3.95841
-0.726775
3.89557
-0.686775
3.83274
-0.644124
3.76991
-0.598823
3.70708
-0.55087
3.64425
-0.500266
3.58142
-0.447011
3.51858
-0.391105
3.45575
-0.332548
3.39292
-0.271341
3.33009
-0.207482
3.26726
-0.140972
3.20442
-0.0718116
3.14159
0
3.07876
0.0718116
3.01593
0.140972
2.9531
0.207482
2.89027
0.271341
2.82743
0.332548
2.7646
0.391105
2.70177
0.447011
2.63894
0.500266
2.57611
0.55087
2.51327
0.598823
2.45044
0.644124
2.38761
0.686775
2.32478
0.726775
2.26195
0.764124
2.19911
0.798823
2.13628
0.83087
2.07345
0.860266
2.01062
0.887011
1.94779
0.911105
1.88496
0.932548
1.82212
0.951341
1.75929
0.967482
1.69646
0.980972
1.63363
0.991812
1.5708
1
1.50796
0.994004
1.44513
0.985174
1.3823
0.973511
1.31947
0.959014
1.25664
0.941683
1.19381
0.921518
1.13097
0.89852
1.06814
0.872689
1.00531
0.844023
0.942478
0.812524
0.879646
0.778191
0.816814
0.741025
0.753982
0.701025
0.69115
0.658191
0.628319
0.612524
0.565487
0.564023
0.502655
0.512689
0.439823
0.45852
0.376991
0.401518
0.314159
0.341683
0.251327
0.279014
0.188496
0.213511
0.125664
0.145174
0.0628319
0.0740039
0
0
